[DONE] side lengths:
(1.000000, 1.414214, 1.414214, 1.632993, 1.732051, 1.732051)
points:
[(0.000000, 0.000000, 0.000000), (0.500000, 0.866025, 0.000000), (1.500000, 0.288675, 0.816497), (1.500000, 0.288675, -0.816497)]

[DONE] side lengths:
(1.000000, 1.414214, 1.414214, 1.632993, 1.732051, 1.914854)
points:
[(0.000000, 0.000000, 0.000000), (0.500000, 0.866025, 0.000000), (0.000000, 0.000000, 1.632993), (1.000000, -0.577350, 0.816497)]

[DONE] side lengths:
(1.000000, 1.414214, 1.414214, 1.732051, 1.732051, 1.914854)
[DONE] points:
[(0.000000, 0.000000, 0.000000), (0.500000, 0.866025, 0.000000), (1.500000, 0.288675, 0.816497), (1.000000, -0.577350, -0.816497)]
[DONE] points:
[(0.000000, 0.000000, 0.000000), (0.500000, 0.288675, 0.816497), (0.000000, 1.154701, -0.816497), (1.500000, 0.866025, 0.000000)]

[DONE] side lengths:
(1.000000, 1.414214, 1.414214, 1.732051, 1.732051, 2.000000)
points:
[(0.000000, 0.000000, 0.000000), (0.500000, 0.866025, 0.000000), (1.500000, 0.288675, 0.816497), (1.500000, -0.866025, 0.000000)]

[DONE] side lengths:
(1.000000, 1.414214, 1.414214, 1.732051, 1.914854, 2.000000)
points:
[(0.000000, 0.000000, 0.000000), (0.500000, 0.288675, 0.816497), (0.000000, 1.154701, -0.816497), (1.000000, 1.732051, 0.000000)]

[DONE] side lengths:
(1.000000, 1.414214, 1.414214, 1.914854, 1.914854, 2.000000)
points:
[(0.000000, 0.000000, 0.000000), (0.500000, 0.288675, 0.816497), (0.000000, 1.154701, -0.816497), (1.000000, -0.577350, -0.816497)]

[DONE] side lengths:
(1.000000, 1.414214, 1.632993, 1.732051, 1.732051, 1.914854)
points:
[(0.000000, 0.000000, 0.000000), (0.500000, 0.866025, 0.000000), (0.000000, 0.000000, 1.632993), (1.500000, 0.288675, 0.816497)]

[DONE] side lengths:
(1.000000, 1.414214, 1.732051, 1.732051, 1.732051, 1.732051)
[DONE] points:
[(0.000000, 0.000000, 0.000000), (0.500000, 0.288675, 0.816497), (0.000000, 1.732051, 0.000000), (1.500000, 0.866025, 0.000000)]
[DONE] points:
[(0.000000, 0.000000, 0.000000), (0.500000, 0.288675, 0.816497), (0.000000, 1.732051, 0.000000), (-1.000000, 1.154701, 0.816497)]

[DONE] side lengths:
(1.000000, 1.414214, 1.732051, 1.732051, 1.732051, 1.914854)
points:
[(0.000000, 0.000000, 0.000000), (0.500000, 0.288675, 0.816497), (0.000000, 1.732051, 0.000000), (1.000000, 1.154701, -0.816497)]

[DONE] side lengths:
(1.000000, 1.414214, 1.732051, 1.732051, 1.914854, 1.914854)
[DONE] points:
[(0.000000, 0.000000, 0.000000), (0.500000, 0.288675, 0.816497), (0.000000, 1.154701, -0.816497), (1.500000, 0.288675, -0.816497)]
[DONE] points:
[(0.000000, 0.000000, 0.000000), (0.500000, 0.288675, 0.816497), (0.000000, 1.154701, -0.816497), (-1.000000, 1.154701, 0.816497)]

[DONE] side lengths:
(1.000000, 1.632993, 1.732051, 1.732051, 1.732051, 1.732051)
points:
[(0.000000, 0.000000, 0.000000), (0.500000, 0.866025, 0.000000), (-1.000000, 1.154701, 0.816497), (-1.000000, 1.154701, -0.816497)]

[DONE] side lengths:
(1.000000, 1.632993, 1.732051, 1.732051, 1.732051, 1.914854)
points:
[(0.000000, 0.000000, 0.000000), (0.500000, 0.866025, 0.000000), (0.000000, 0.000000, 1.632993), (-1.000000, 1.154701, 0.816497)]

[DONE] side lengths:
(1.000000, 1.732051, 1.732051, 1.732051, 1.914854, 2.000000)
points:
[(0.000000, 0.000000, 0.000000), (0.500000, 0.288675, 0.816497), (1.500000, 0.288675, -0.816497), (1.000000, 1.732051, 0.000000)]

[DONE] side lengths:
(1.000000, 1.732051, 1.732051, 2.000000, 2.000000, 2.000000)
points:
[(0.000000, 0.000000, 0.000000), (0.500000, 0.288675, 0.816497), (1.000000, 1.732051, 0.000000), (2.000000, 0.000000, 0.000000)]

[DONE] side lengths:
(1.000000, 1.732051, 1.914854, 1.914854, 1.914854, 1.914854)
points:
[(0.000000, 0.000000, 0.000000), (0.500000, 0.866025, 0.000000), (1.000000, 0.000000, 1.632993), (-0.500000, 0.866025, 1.632993)]

side lengths:
(1.000000, 1.732051, 1.914854, 1.914854, 1.914854, 2.000000)
points:
[(0.000000, 0.000000, 0.000000), (0.500000, 0.866025, 0.000000), (1.000000, 0.000000, 1.632993), (1.500000, -0.866025, 0.000000)]
