side lengths:
(1.000000, 1.000000, 1.000000, 1.000000, 1.000000, 1.000000)
points:
[(0.000000, 0.000000, 0.000000), (0.500000, 0.866025, 0.000000), (0.500000, 0.288675, 0.816497), (1.000000, 0.000000, 0.000000)]
triangles:
((1.000000, 1.000000, 1.000000), (1.000000, 1.000000, 1.000000), (1.000000, 1.000000, 1.000000), (1.000000, 1.000000, 1.000000))



side lengths:
(1.000000, 1.000000, 1.000000, 1.000000, 1.000000, 1.414214)
points:
[(0.000000, 0.000000, 0.000000), (0.500000, 0.866025, 0.000000), (0.500000, 0.288675, 0.816497), (0.000000, 1.154701, 0.816497)]
triangles:
((1.000000, 1.000000, 1.000000), (1.000000, 1.000000, 1.000000), (1.000000, 1.000000, 1.414214), (1.000000, 1.000000, 1.414214))

side lengths:
(1.000000, 1.000000, 1.000000, 1.000000, 1.000000, 1.632993)
points:
[(0.000000, 0.000000, 0.000000), (0.500000, 0.866025, 0.000000), (0.500000, 0.288675, 0.816497), (0.500000, 0.288675, -0.816497)]
triangles:
((1.000000, 1.000000, 1.000000), (1.000000, 1.000000, 1.000000), (1.000000, 1.000000, 1.632993), (1.000000, 1.000000, 1.632993))

side lengths:
(1.000000, 1.000000, 1.000000, 1.000000, 1.000000, 1.732051)
points:
[(0.000000, 0.000000, 0.000000), (0.500000, 0.866025, 0.000000), (0.500000, 0.288675, 0.816497), (0.000000, -0.577350, 0.816497)]
triangles:
((1.000000, 1.000000, 1.000000), (1.000000, 1.000000, 1.000000), (1.000000, 1.000000, 1.732051), (1.000000, 1.000000, 1.732051))



side lengths:
(1.000000, 1.000000, 1.000000, 1.000000, 1.414214, 1.414214)
points:
[(0.000000, 0.000000, 0.000000), (0.500000, 0.866025, 0.000000), (0.000000, 1.154701, 0.816497), (-0.500000, 0.288675, 0.816497)]
triangles:
((1.000000, 1.000000, 1.414214), (1.000000, 1.000000, 1.414214), (1.000000, 1.000000, 1.414214), (1.000000, 1.000000, 1.414214))

side lengths:
(1.000000, 1.000000, 1.000000, 1.000000, 1.414214, 1.732051)
points:
[(0.000000, 0.000000, 0.000000), (0.500000, 0.866025, 0.000000), (0.500000, 0.288675, 0.816497), (0.500000, -0.866025, 0.000000)]
triangles:
((1.000000, 1.000000, 1.000000), (1.000000, 1.000000, 1.414214), (1.000000, 1.000000, 1.732051), (1.000000, 1.414214, 1.732051))

side lengths:
(1.000000, 1.000000, 1.000000, 1.000000, 1.414214, 1.914854)
points:
[(0.000000, 0.000000, 0.000000), (0.500000, 0.866025, 0.000000), (0.500000, 0.288675, 0.816497), (0.000000, 1.154701, -0.816497)]
triangles:
((1.000000, 1.000000, 1.000000), (1.000000, 1.000000, 1.414214), (1.000000, 1.000000, 1.914854), (1.000000, 1.414214, 1.914854))

side lengths:
(1.000000, 1.000000, 1.000000, 1.000000, 1.632993, 1.914854)
points:
[(0.000000, 0.000000, 0.000000), (0.500000, 0.866025, 0.000000), (0.500000, 0.288675, 0.816497), (0.000000, 0.000000, 1.632993)]
triangles:
((1.000000, 1.000000, 1.000000), (1.000000, 1.000000, 1.632993), (1.000000, 1.000000, 1.914854), (1.000000, 1.632993, 1.914854))

side lengths:
(1.000000, 1.000000, 1.000000, 1.000000, 1.732051, 1.732051)
points:
[(0.000000, 0.000000, 0.000000), (0.500000, 0.866025, 0.000000), (0.500000, 0.288675, 0.816497), (0.000000, 1.732051, 0.000000)]
triangles:
((1.000000, 1.000000, 1.000000), (1.000000, 1.000000, 1.732051), (1.000000, 1.000000, 1.732051), (1.000000, 1.732051, 1.732051))

side lengths:
(1.000000, 1.000000, 1.000000, 1.000000, 1.732051, 1.914854)
points:
[(0.000000, 0.000000, 0.000000), (0.500000, 0.866025, 0.000000), (0.500000, 0.288675, 0.816497), (0.000000, -0.577350, -0.816497)]
triangles:
((1.000000, 1.000000, 1.000000), (1.000000, 1.000000, 1.732051), (1.000000, 1.000000, 1.914854), (1.000000, 1.732051, 1.914854))

side lengths:
(1.000000, 1.000000, 1.000000, 1.000000, 1.732051, 2.000000)
points:
[(0.000000, 0.000000, 0.000000), (0.500000, 0.866025, 0.000000), (0.500000, 0.288675, 0.816497), (1.000000, 1.732051, 0.000000)]
triangles:
((1.000000, 1.000000, 1.000000), (1.000000, 1.000000, 1.732051), (1.000000, 1.000000, 2.000000), (1.000000, 1.732051, 2.000000))

side lengths:
(1.000000, 1.000000, 1.000000, 1.000000, 1.914854, 1.914854)
points:
[(0.000000, 0.000000, 0.000000), (0.500000, 0.866025, 0.000000), (0.500000, 0.288675, 0.816497), (1.000000, 0.000000, 1.632993)]
triangles:
((1.000000, 1.000000, 1.000000), (1.000000, 1.000000, 1.914854), (1.000000, 1.000000, 1.914854), (1.000000, 1.914854, 1.914854))



side lengths:
(1.000000, 1.000000, 1.000000, 1.414214, 1.414214, 1.632993)
points:
[(0.000000, 0.000000, 0.000000), (0.500000, 0.866025, 0.000000), (0.000000, 1.154701, 0.816497), (0.000000, 1.154701, -0.816497)]
triangles:
((1.000000, 1.000000, 1.414214), (1.000000, 1.000000, 1.414214), (1.000000, 1.000000, 1.632993), (1.414214, 1.414214, 1.632993))

side lengths:
(1.000000, 1.000000, 1.000000, 1.414214, 1.414214, 1.914854)
points:
[(0.000000, 0.000000, 0.000000), (0.500000, 0.866025, 0.000000), (0.000000, 1.154701, 0.816497), (-0.500000, 0.288675, -0.816497)]
triangles:
((1.000000, 1.000000, 1.414214), (1.000000, 1.000000, 1.414214), (1.000000, 1.414214, 1.914854), (1.000000, 1.414214, 1.914854))

side lengths:
(1.000000, 1.000000, 1.000000, 1.414214, 1.414214, 2.000000)
points:
[(0.000000, 0.000000, 0.000000), (0.500000, 0.866025, 0.000000), (0.000000, 1.154701, 0.816497), (1.000000, 1.732051, 0.000000)]
triangles:
((1.000000, 1.000000, 1.414214), (1.000000, 1.000000, 1.414214), (1.000000, 1.000000, 2.000000), (1.414214, 1.414214, 2.000000))

side lengths:
(1.000000, 1.000000, 1.000000, 1.414214, 1.632993, 1.914854)
points:
[(0.000000, 0.000000, 0.000000), (0.500000, 0.866025, 0.000000), (0.000000, 1.154701, 0.816497), (0.500000, 0.866025, 1.632993)]
triangles:
((1.000000, 1.000000, 1.414214), (1.000000, 1.000000, 1.632993), (1.000000, 1.414214, 1.914854), (1.000000, 1.632993, 1.914854))

side lengths:
(1.000000, 1.000000, 1.000000, 1.414214, 1.732051, 1.732051)
points:
[(0.000000, 0.000000, 0.000000), (0.500000, 0.866025, 0.000000), (0.000000, 1.154701, 0.816497), (0.000000, -0.577350, 0.816497)]
triangles:
((1.000000, 1.000000, 1.414214), (1.000000, 1.000000, 1.732051), (1.000000, 1.414214, 1.732051), (1.000000, 1.732051, 1.732051))
points:
[(0.000000, 0.000000, 0.000000), (0.500000, 0.866025, 0.000000), (0.000000, 1.154701, 0.816497), (1.500000, 0.866025, 0.000000)]
triangles:
((1.000000, 1.000000, 1.414214), (1.000000, 1.000000, 1.732051), (1.000000, 1.000000, 1.732051), (1.414214, 1.732051, 1.732051))

side lengths:
(1.000000, 1.000000, 1.000000, 1.414214, 1.732051, 1.914854)
points:
[(0.000000, 0.000000, 0.000000), (0.500000, 0.866025, 0.000000), (0.500000, 0.288675, 0.816497), (1.500000, 0.288675, -0.816497)]
triangles:
((1.000000, 1.000000, 1.000000), (1.000000, 1.414214, 1.732051), (1.000000, 1.414214, 1.914854), (1.000000, 1.732051, 1.914854))
points:
[(0.000000, 0.000000, 0.000000), (0.500000, 0.866025, 0.000000), (0.000000, 1.154701, 0.816497), (1.000000, 1.154701, -0.816497)]
triangles:
((1.000000, 1.000000, 1.414214), (1.000000, 1.000000, 1.732051), (1.000000, 1.000000, 1.914854), (1.414214, 1.732051, 1.914854))

side lengths:
(1.000000, 1.000000, 1.000000, 1.414214, 1.914854, 1.914854)
points:
[(0.000000, 0.000000, 0.000000), (0.500000, 0.866025, 0.000000), (0.500000, 0.288675, 0.816497), (-0.500000, 0.866025, 1.632993)]
triangles:
((1.000000, 1.000000, 1.000000), (1.000000, 1.414214, 1.914854), (1.000000, 1.414214, 1.914854), (1.000000, 1.914854, 1.914854))
points:
[(0.000000, 0.000000, 0.000000), (0.500000, 0.866025, 0.000000), (0.000000, 1.154701, 0.816497), (-0.500000, 0.866025, 1.632993)]
triangles:
((1.000000, 1.000000, 1.414214), (1.000000, 1.000000, 1.914854), (1.000000, 1.414214, 1.914854), (1.000000, 1.914854, 1.914854))

side lengths:
(1.000000, 1.000000, 1.000000, 1.632993, 1.732051, 1.732051)
points:
[(0.000000, 0.000000, 0.000000), (0.500000, 0.866025, 0.000000), (0.000000, -0.577350, 0.816497), (0.000000, -0.577350, -0.816497)]
triangles:
((1.000000, 1.000000, 1.632993), (1.000000, 1.000000, 1.732051), (1.000000, 1.000000, 1.732051), (1.632993, 1.732051, 1.732051))

side lengths:
(1.000000, 1.000000, 1.000000, 1.632993, 1.732051, 1.914854)
points:
[(0.000000, 0.000000, 0.000000), (0.500000, 0.866025, 0.000000), (0.000000, 0.000000, 1.632993), (0.000000, -0.577350, 0.816497)]
triangles:
((1.000000, 1.000000, 1.632993), (1.000000, 1.000000, 1.732051), (1.000000, 1.632993, 1.914854), (1.000000, 1.732051, 1.914854))

side lengths:
(1.000000, 1.000000, 1.000000, 1.632993, 1.914854, 1.914854)
points:
[(0.000000, 0.000000, 0.000000), (0.500000, 0.866025, 0.000000), (0.000000, 0.000000, 1.632993), (1.000000, 0.000000, 0.000000)]
triangles:
((1.000000, 1.000000, 1.000000), (1.000000, 1.632993, 1.914854), (1.000000, 1.632993, 1.914854), (1.000000, 1.914854, 1.914854))

side lengths:
(1.000000, 1.000000, 1.000000, 1.732051, 1.732051, 1.732051)
points:
[(0.000000, 0.000000, 0.000000), (0.500000, 0.866025, 0.000000), (0.500000, 0.288675, 0.816497), (-1.000000, 1.154701, 0.816497)]
triangles:
((1.000000, 1.000000, 1.000000), (1.000000, 1.732051, 1.732051), (1.000000, 1.732051, 1.732051), (1.000000, 1.732051, 1.732051))
points:
[(0.000000, 0.000000, 0.000000), (0.500000, 0.866025, 0.000000), (0.000000, 1.732051, 0.000000), (1.500000, 0.866025, 0.000000)]
triangles:
((1.000000, 1.000000, 1.732051), (1.000000, 1.000000, 1.732051), (1.000000, 1.000000, 1.732051), (1.732051, 1.732051, 1.732051))

side lengths:
(1.000000, 1.000000, 1.000000, 1.732051, 1.732051, 2.000000)
points:
[(0.000000, 0.000000, 0.000000), (0.500000, 0.866025, 0.000000), (0.500000, 0.288675, 0.816497), (1.500000, -0.866025, 0.000000)]
triangles:
((1.000000, 1.000000, 1.000000), (1.000000, 1.732051, 1.732051), (1.000000, 1.732051, 2.000000), (1.000000, 1.732051, 2.000000))
points:
[(0.000000, 0.000000, 0.000000), (0.500000, 0.866025, 0.000000), (0.000000, 1.732051, 0.000000), (-1.000000, 0.000000, 0.000000)]
triangles:
((1.000000, 1.000000, 1.732051), (1.000000, 1.000000, 1.732051), (1.000000, 1.732051, 2.000000), (1.000000, 1.732051, 2.000000))



side lengths:
(1.000000, 1.000000, 1.414214, 1.414214, 1.632993, 1.732051)
points:
[(0.000000, 0.000000, 0.000000), (0.500000, 0.288675, 0.816497), (0.000000, 0.000000, 1.632993), (-1.000000, -0.577350, 0.816497)]
triangles:
((1.000000, 1.000000, 1.632993), (1.000000, 1.414214, 1.732051), (1.000000, 1.414214, 1.732051), (1.414214, 1.414214, 1.632993))

side lengths:
(1.000000, 1.000000, 1.414214, 1.414214, 1.632993, 1.914854)
points:
[(0.000000, 0.000000, 0.000000), (0.500000, 0.866025, 0.000000), (0.000000, 1.154701, 0.816497), (0.000000, 0.000000, 1.632993)]
triangles:
((1.000000, 1.000000, 1.414214), (1.000000, 1.414214, 1.914854), (1.000000, 1.632993, 1.914854), (1.414214, 1.414214, 1.632993))

side lengths:
(1.000000, 1.000000, 1.414214, 1.414214, 1.732051, 1.732051)
points:
[(0.000000, 0.000000, 0.000000), (0.500000, 0.866025, 0.000000), (0.000000, 1.154701, 0.816497), (1.500000, 0.288675, 0.816497)]
triangles:
((1.000000, 1.000000, 1.414214), (1.000000, 1.414214, 1.732051), (1.000000, 1.414214, 1.732051), (1.414214, 1.732051, 1.732051))
points:
[(0.000000, 0.000000, 0.000000), (0.500000, 0.866025, 0.000000), (1.500000, 0.288675, 0.816497), (1.000000, -0.577350, 0.816497)]
triangles:
((1.000000, 1.414214, 1.732051), (1.000000, 1.414214, 1.732051), (1.000000, 1.414214, 1.732051), (1.000000, 1.414214, 1.732051))

side lengths:
(1.000000, 1.000000, 1.414214, 1.414214, 1.732051, 2.000000)
points:
[(0.000000, 0.000000, 0.000000), (0.500000, 0.866025, 0.000000), (0.000000, 1.154701, 0.816497), (1.000000, -0.577350, 0.816497)]
triangles:
((1.000000, 1.000000, 1.414214), (1.000000, 1.414214, 1.732051), (1.000000, 1.732051, 2.000000), (1.414214, 1.414214, 2.000000))

side lengths:
(1.000000, 1.000000, 1.414214, 1.732051, 1.732051, 1.732051)
points:
[(0.000000, 0.000000, 0.000000), (0.500000, 0.866025, 0.000000), (0.000000, 1.732051, 0.000000), (-1.000000, 1.154701, 0.816497)]
triangles:
((1.000000, 1.000000, 1.732051), (1.000000, 1.414214, 1.732051), (1.000000, 1.732051, 1.732051), (1.414214, 1.732051, 1.732051))

side lengths:
(1.000000, 1.000000, 1.414214, 1.732051, 1.732051, 1.914854)
points:
[(0.000000, 0.000000, 0.000000), (0.500000, 0.866025, 0.000000), (0.000000, 1.154701, 0.816497), (-1.000000, 1.154701, -0.816497)]
triangles:
((1.000000, 1.000000, 1.414214), (1.000000, 1.732051, 1.732051), (1.000000, 1.732051, 1.914854), (1.414214, 1.732051, 1.914854))
points:
[(0.000000, 0.000000, 0.000000), (0.500000, 0.866025, 0.000000), (0.000000, -0.577350, 0.816497), (1.000000, -0.577350, -0.816497)]
triangles:
((1.000000, 1.000000, 1.732051), (1.000000, 1.414214, 1.732051), (1.000000, 1.414214, 1.914854), (1.732051, 1.732051, 1.914854))
points:
[(0.000000, 0.000000, 0.000000), (0.500000, 0.288675, 0.816497), (0.000000, 1.154701, -0.816497), (0.000000, 1.732051, 0.000000)]
triangles:
((1.000000, 1.414214, 1.732051), (1.000000, 1.414214, 1.914854), (1.000000, 1.732051, 1.732051), (1.000000, 1.732051, 1.914854))

side lengths:
(1.000000, 1.000000, 1.414214, 1.732051, 1.732051, 2.000000)
points:
[(0.000000, 0.000000, 0.000000), (0.500000, 0.866025, 0.000000), (0.000000, 1.154701, 0.816497), (-1.500000, 0.866025, 0.000000)]
triangles:
((1.000000, 1.000000, 1.414214), (1.000000, 1.732051, 2.000000), (1.000000, 1.732051, 2.000000), (1.414214, 1.732051, 1.732051))
points:
[(0.000000, 0.000000, 0.000000), (0.500000, 0.866025, 0.000000), (1.500000, 0.288675, 0.816497), (1.000000, 1.732051, 0.000000)]
triangles:
((1.000000, 1.000000, 2.000000), (1.000000, 1.414214, 1.732051), (1.000000, 1.414214, 1.732051), (1.732051, 1.732051, 2.000000))
points:
[(0.000000, 0.000000, 0.000000), (0.500000, 0.866025, 0.000000), (1.500000, 0.288675, 0.816497), (2.000000, 0.000000, 0.000000)]
triangles:
((1.000000, 1.414214, 1.732051), (1.000000, 1.414214, 1.732051), (1.000000, 1.732051, 2.000000), (1.000000, 1.732051, 2.000000))

side lengths:
(1.000000, 1.000000, 1.414214, 1.732051, 1.914854, 1.914854)
points:
[(0.000000, 0.000000, 0.000000), (0.500000, 0.866025, 0.000000), (0.000000, 1.154701, 0.816497), (1.000000, 0.000000, 1.632993)]
triangles:
((1.000000, 1.000000, 1.414214), (1.000000, 1.732051, 1.914854), (1.000000, 1.914854, 1.914854), (1.414214, 1.732051, 1.914854))
points:
[(0.000000, 0.000000, 0.000000), (0.500000, 0.866025, 0.000000), (0.000000, -0.577350, 0.816497), (1.000000, 0.000000, 1.632993)]
triangles:
((1.000000, 1.000000, 1.732051), (1.000000, 1.414214, 1.914854), (1.000000, 1.914854, 1.914854), (1.414214, 1.732051, 1.914854))
points:
[(0.000000, 0.000000, 0.000000), (0.500000, 0.866025, 0.000000), (1.500000, 0.288675, 0.816497), (1.000000, 0.000000, 1.632993)]
triangles:
((1.000000, 1.414214, 1.732051), (1.000000, 1.414214, 1.914854), (1.000000, 1.732051, 1.914854), (1.000000, 1.914854, 1.914854))
points:
[(0.000000, 0.000000, 0.000000), (0.500000, 0.288675, 0.816497), (0.500000, 0.866025, 1.632993), (0.500000, -0.866025, 1.632993)]
triangles:
((1.000000, 1.000000, 1.914854), (1.000000, 1.414214, 1.732051), (1.000000, 1.414214, 1.914854), (1.732051, 1.914854, 1.914854))

side lengths:
(1.000000, 1.000000, 1.632993, 1.632993, 1.914854, 1.914854)
points:
[(0.000000, 0.000000, 0.000000), (0.500000, 0.866025, 0.000000), (0.000000, 0.000000, 1.632993), (0.500000, 0.866025, 1.632993)]
triangles:
((1.000000, 1.632993, 1.914854), (1.000000, 1.632993, 1.914854), (1.000000, 1.632993, 1.914854), (1.000000, 1.632993, 1.914854))

side lengths:
(1.000000, 1.000000, 1.632993, 1.732051, 1.732051, 1.732051)
points:
[(0.000000, 0.000000, 0.000000), (0.500000, 0.288675, 0.816497), (0.000000, 0.000000, 1.632993), (0.500000, -1.443376, 0.816497)]
triangles:
((1.000000, 1.000000, 1.632993), (1.000000, 1.732051, 1.732051), (1.000000, 1.732051, 1.732051), (1.632993, 1.732051, 1.732051))

side lengths:
(1.000000, 1.000000, 1.632993, 1.732051, 1.732051, 1.914854)
points:
[(0.000000, 0.000000, 0.000000), (0.500000, 0.866025, 0.000000), (0.000000, 0.000000, 1.632993), (1.000000, 1.154701, 0.816497)]
triangles:
((1.000000, 1.000000, 1.732051), (1.000000, 1.632993, 1.914854), (1.000000, 1.732051, 1.914854), (1.632993, 1.732051, 1.732051))

side lengths:
(1.000000, 1.000000, 1.632993, 1.732051, 1.732051, 2.000000)
points:
[(0.000000, 0.000000, 0.000000), (0.500000, 0.288675, 0.816497), (0.000000, 0.000000, 1.632993), (-1.500000, 0.288675, 0.816497)]
triangles:
((1.000000, 1.000000, 1.632993), (1.000000, 1.732051, 2.000000), (1.000000, 1.732051, 2.000000), (1.632993, 1.732051, 1.732051))

side lengths:
(1.000000, 1.000000, 1.632993, 1.732051, 1.914854, 1.914854)
points:
[(0.000000, 0.000000, 0.000000), (0.500000, 0.866025, 0.000000), (0.000000, 0.000000, 1.632993), (0.500000, -0.866025, 0.000000)]
triangles:
((1.000000, 1.000000, 1.732051), (1.000000, 1.632993, 1.914854), (1.000000, 1.632993, 1.914854), (1.732051, 1.914854, 1.914854))

side lengths:
(1.000000, 1.000000, 1.632993, 1.914854, 1.914854, 1.914854)
points:
[(0.000000, 0.000000, 0.000000), (0.500000, 0.866025, 0.000000), (0.000000, 0.000000, 1.632993), (1.000000, 0.000000, 1.632993)]
triangles:
((1.000000, 1.632993, 1.914854), (1.000000, 1.632993, 1.914854), (1.000000, 1.914854, 1.914854), (1.000000, 1.914854, 1.914854))

side lengths:
(1.000000, 1.000000, 1.632993, 1.914854, 1.914854, 2.000000)
points:
[(0.000000, 0.000000, 0.000000), (0.500000, 0.866025, 0.000000), (0.000000, 0.000000, 1.632993), (-0.500000, -0.866025, 0.000000)]
triangles:
((1.000000, 1.000000, 2.000000), (1.000000, 1.632993, 1.914854), (1.000000, 1.632993, 1.914854), (1.914854, 1.914854, 2.000000))

side lengths:
(1.000000, 1.000000, 1.732051, 1.732051, 1.732051, 1.914854)
points:
[(0.000000, 0.000000, 0.000000), (0.500000, 0.288675, 0.816497), (0.500000, 0.866025, 1.632993), (-1.000000, 1.154701, 0.816497)]
triangles:
((1.000000, 1.000000, 1.914854), (1.000000, 1.732051, 1.732051), (1.000000, 1.732051, 1.732051), (1.732051, 1.732051, 1.914854))

side lengths:
(1.000000, 1.000000, 1.732051, 1.732051, 1.732051, 2.000000)
points:
[(0.000000, 0.000000, 0.000000), (0.500000, 0.866025, 0.000000), (0.000000, 1.732051, 0.000000), (-1.500000, 0.866025, 0.000000)]
triangles:
((1.000000, 1.000000, 1.732051), (1.000000, 1.732051, 2.000000), (1.000000, 1.732051, 2.000000), (1.732051, 1.732051, 1.732051))
points:
[(0.000000, 0.000000, 0.000000), (0.500000, 0.866025, 0.000000), (0.000000, -0.577350, 0.816497), (1.500000, -0.866025, 0.000000)]
triangles:
((1.000000, 1.000000, 1.732051), (1.000000, 1.732051, 1.732051), (1.000000, 1.732051, 2.000000), (1.732051, 1.732051, 2.000000))
points:
[(0.000000, 0.000000, 0.000000), (0.500000, 0.866025, 0.000000), (-1.500000, 0.866025, 0.000000), (-1.000000, 1.154701, 0.816497)]
triangles:
((1.000000, 1.732051, 1.732051), (1.000000, 1.732051, 1.732051), (1.000000, 1.732051, 2.000000), (1.000000, 1.732051, 2.000000))

side lengths:
(1.000000, 1.000000, 1.732051, 1.732051, 1.914854, 1.914854)
points:
[(0.000000, 0.000000, 0.000000), (0.500000, 0.866025, 0.000000), (0.000000, -0.577350, 0.816497), (-0.500000, 0.866025, 1.632993)]
triangles:
((1.000000, 1.000000, 1.732051), (1.000000, 1.732051, 1.914854), (1.000000, 1.914854, 1.914854), (1.732051, 1.732051, 1.914854))
points:
[(0.000000, 0.000000, 0.000000), (0.500000, 0.866025, 0.000000), (-1.000000, 1.154701, 0.816497), (-0.500000, 0.866025, 1.632993)]
triangles:
((1.000000, 1.732051, 1.732051), (1.000000, 1.732051, 1.914854), (1.000000, 1.732051, 1.914854), (1.000000, 1.914854, 1.914854))
points:
[(0.000000, 0.000000, 0.000000), (0.500000, 0.288675, 0.816497), (0.500000, 0.866025, 1.632993), (0.000000, 1.732051, 0.000000)]
triangles:
((1.000000, 1.000000, 1.914854), (1.000000, 1.732051, 1.732051), (1.000000, 1.732051, 1.914854), (1.732051, 1.914854, 1.914854))

side lengths:
(1.000000, 1.000000, 1.732051, 1.732051, 1.914854, 2.000000)
points:
[(0.000000, 0.000000, 0.000000), (0.500000, 0.288675, 0.816497), (1.500000, 0.288675, -0.816497), (2.000000, 0.000000, 0.000000)]
triangles:
((1.000000, 1.732051, 1.914854), (1.000000, 1.732051, 1.914854), (1.000000, 1.732051, 2.000000), (1.000000, 1.732051, 2.000000))

side lengths:
(1.000000, 1.000000, 1.732051, 1.732051, 2.000000, 2.000000)
points:
[(0.000000, 0.000000, 0.000000), (0.500000, 0.866025, 0.000000), (1.500000, -0.866025, 0.000000), (2.000000, 0.000000, 0.000000)]
triangles:
((1.000000, 1.732051, 2.000000), (1.000000, 1.732051, 2.000000), (1.000000, 1.732051, 2.000000), (1.000000, 1.732051, 2.000000))

side lengths:
(1.000000, 1.000000, 1.732051, 1.914854, 1.914854, 1.914854)
points:
[(0.000000, 0.000000, 0.000000), (0.500000, 0.866025, 0.000000), (0.000000, 1.732051, 0.000000), (-0.500000, 0.866025, 1.632993)]
triangles:
((1.000000, 1.000000, 1.732051), (1.000000, 1.914854, 1.914854), (1.000000, 1.914854, 1.914854), (1.732051, 1.914854, 1.914854))

side lengths:
(1.000000, 1.000000, 1.732051, 1.914854, 1.914854, 2.000000)
points:
[(0.000000, 0.000000, 0.000000), (0.500000, 0.288675, 0.816497), (0.500000, 0.866025, 1.632993), (1.000000, 1.732051, 0.000000)]
triangles:
((1.000000, 1.000000, 1.914854), (1.000000, 1.732051, 1.914854), (1.000000, 1.732051, 2.000000), (1.914854, 1.914854, 2.000000))

side lengths:
(1.000000, 1.000000, 1.732051, 2.000000, 2.000000, 2.000000)
points:
[(0.000000, 0.000000, 0.000000), (0.500000, 0.866025, 0.000000), (1.000000, 1.732051, 0.000000), (2.000000, 0.000000, 0.000000)]
triangles:
((1.000000, 1.000000, 2.000000), (1.000000, 1.732051, 2.000000), (1.000000, 1.732051, 2.000000), (2.000000, 2.000000, 2.000000))



side lengths:
(1.000000, 1.414214, 1.414214, 1.632993, 1.732051, 1.732051)
points:
[(0.000000, 0.000000, 0.000000), (0.500000, 0.866025, 0.000000), (1.500000, 0.288675, 0.816497), (1.500000, 0.288675, -0.816497)]
triangles:
((1.000000, 1.414214, 1.732051), (1.000000, 1.414214, 1.732051), (1.414214, 1.414214, 1.632993), (1.632993, 1.732051, 1.732051))

side lengths:
(1.000000, 1.414214, 1.414214, 1.632993, 1.732051, 1.914854)
points:
[(0.000000, 0.000000, 0.000000), (0.500000, 0.866025, 0.000000), (0.000000, 0.000000, 1.632993), (1.000000, -0.577350, 0.816497)]
triangles:
((1.000000, 1.414214, 1.732051), (1.000000, 1.632993, 1.914854), (1.414214, 1.414214, 1.632993), (1.414214, 1.732051, 1.914854))

side lengths:
(1.000000, 1.414214, 1.414214, 1.732051, 1.732051, 1.914854)
points:
[(0.000000, 0.000000, 0.000000), (0.500000, 0.866025, 0.000000), (1.500000, 0.288675, 0.816497), (1.000000, -0.577350, -0.816497)]
triangles:
((1.000000, 1.414214, 1.732051), (1.000000, 1.414214, 1.732051), (1.414214, 1.732051, 1.914854), (1.414214, 1.732051, 1.914854))
points:
[(0.000000, 0.000000, 0.000000), (0.500000, 0.288675, 0.816497), (0.000000, 1.154701, -0.816497), (1.500000, 0.866025, 0.000000)]
triangles:
((1.000000, 1.414214, 1.732051), (1.000000, 1.414214, 1.914854), (1.414214, 1.732051, 1.732051), (1.414214, 1.732051, 1.914854))

side lengths:
(1.000000, 1.414214, 1.414214, 1.732051, 1.732051, 2.000000)
points:
[(0.000000, 0.000000, 0.000000), (0.500000, 0.866025, 0.000000), (1.500000, 0.288675, 0.816497), (1.500000, -0.866025, 0.000000)]
triangles:
((1.000000, 1.414214, 1.732051), (1.000000, 1.732051, 2.000000), (1.414214, 1.414214, 2.000000), (1.414214, 1.732051, 1.732051))

side lengths:
(1.000000, 1.414214, 1.414214, 1.732051, 1.914854, 2.000000)
points:
[(0.000000, 0.000000, 0.000000), (0.500000, 0.288675, 0.816497), (0.000000, 1.154701, -0.816497), (1.000000, 1.732051, 0.000000)]
triangles:
((1.000000, 1.414214, 1.914854), (1.000000, 1.732051, 2.000000), (1.414214, 1.414214, 2.000000), (1.414214, 1.732051, 1.914854))

side lengths:
(1.000000, 1.414214, 1.414214, 1.914854, 1.914854, 2.000000)
points:
[(0.000000, 0.000000, 0.000000), (0.500000, 0.288675, 0.816497), (0.000000, 1.154701, -0.816497), (1.000000, -0.577350, -0.816497)]
triangles:
((1.000000, 1.414214, 1.914854), (1.000000, 1.414214, 1.914854), (1.414214, 1.414214, 2.000000), (1.914854, 1.914854, 2.000000))

side lengths:
(1.000000, 1.414214, 1.632993, 1.732051, 1.732051, 1.914854)
points:
[(0.000000, 0.000000, 0.000000), (0.500000, 0.866025, 0.000000), (0.000000, 0.000000, 1.632993), (1.500000, 0.288675, 0.816497)]
triangles:
((1.000000, 1.414214, 1.732051), (1.000000, 1.632993, 1.914854), (1.414214, 1.732051, 1.914854), (1.632993, 1.732051, 1.732051))

side lengths:
(1.000000, 1.414214, 1.732051, 1.732051, 1.732051, 1.732051)
points:
[(0.000000, 0.000000, 0.000000), (0.500000, 0.288675, 0.816497), (0.000000, 1.732051, 0.000000), (1.500000, 0.866025, 0.000000)]
triangles:
((1.000000, 1.414214, 1.732051), (1.000000, 1.732051, 1.732051), (1.414214, 1.732051, 1.732051), (1.732051, 1.732051, 1.732051))
points:
[(0.000000, 0.000000, 0.000000), (0.500000, 0.288675, 0.816497), (0.000000, 1.732051, 0.000000), (-1.000000, 1.154701, 0.816497)]
triangles:
((1.000000, 1.732051, 1.732051), (1.000000, 1.732051, 1.732051), (1.414214, 1.732051, 1.732051), (1.414214, 1.732051, 1.732051))

side lengths:
(1.000000, 1.414214, 1.732051, 1.732051, 1.732051, 1.914854)
points:
[(0.000000, 0.000000, 0.000000), (0.500000, 0.288675, 0.816497), (0.000000, 1.732051, 0.000000), (1.000000, 1.154701, -0.816497)]
triangles:
((1.000000, 1.732051, 1.732051), (1.000000, 1.732051, 1.914854), (1.414214, 1.732051, 1.732051), (1.414214, 1.732051, 1.914854))

side lengths:
(1.000000, 1.414214, 1.732051, 1.732051, 1.914854, 1.914854)
points:
[(0.000000, 0.000000, 0.000000), (0.500000, 0.288675, 0.816497), (0.000000, 1.154701, -0.816497), (1.500000, 0.288675, -0.816497)]
triangles:
((1.000000, 1.414214, 1.914854), (1.000000, 1.732051, 1.914854), (1.414214, 1.732051, 1.732051), (1.732051, 1.914854, 1.914854))
points:
[(0.000000, 0.000000, 0.000000), (0.500000, 0.288675, 0.816497), (0.000000, 1.154701, -0.816497), (-1.000000, 1.154701, 0.816497)]
triangles:
((1.000000, 1.414214, 1.914854), (1.000000, 1.732051, 1.732051), (1.414214, 1.732051, 1.914854), (1.732051, 1.914854, 1.914854))

side lengths:
(1.000000, 1.632993, 1.732051, 1.732051, 1.732051, 1.732051)
points:
[(0.000000, 0.000000, 0.000000), (0.500000, 0.866025, 0.000000), (-1.000000, 1.154701, 0.816497), (-1.000000, 1.154701, -0.816497)]
triangles:
((1.000000, 1.732051, 1.732051), (1.000000, 1.732051, 1.732051), (1.632993, 1.732051, 1.732051), (1.632993, 1.732051, 1.732051))

side lengths:
(1.000000, 1.632993, 1.732051, 1.732051, 1.732051, 1.914854)
points:
[(0.000000, 0.000000, 0.000000), (0.500000, 0.866025, 0.000000), (0.000000, 0.000000, 1.632993), (-1.000000, 1.154701, 0.816497)]
triangles:
((1.000000, 1.632993, 1.914854), (1.000000, 1.732051, 1.732051), (1.632993, 1.732051, 1.732051), (1.732051, 1.732051, 1.914854))

side lengths:
(1.000000, 1.732051, 1.732051, 1.732051, 1.914854, 2.000000)
points:
[(0.000000, 0.000000, 0.000000), (0.500000, 0.288675, 0.816497), (1.500000, 0.288675, -0.816497), (1.000000, 1.732051, 0.000000)]
triangles:
((1.000000, 1.732051, 1.914854), (1.000000, 1.732051, 2.000000), (1.732051, 1.732051, 1.914854), (1.732051, 1.732051, 2.000000))

side lengths:
(1.000000, 1.732051, 1.732051, 2.000000, 2.000000, 2.000000)
points:
[(0.000000, 0.000000, 0.000000), (0.500000, 0.288675, 0.816497), (1.000000, 1.732051, 0.000000), (2.000000, 0.000000, 0.000000)]
triangles:
((1.000000, 1.732051, 2.000000), (1.000000, 1.732051, 2.000000), (1.732051, 1.732051, 2.000000), (2.000000, 2.000000, 2.000000))

side lengths:
(1.000000, 1.732051, 1.914854, 1.914854, 1.914854, 1.914854)
points:
[(0.000000, 0.000000, 0.000000), (0.500000, 0.866025, 0.000000), (1.000000, 0.000000, 1.632993), (-0.500000, 0.866025, 1.632993)]
triangles:
((1.000000, 1.914854, 1.914854), (1.000000, 1.914854, 1.914854), (1.732051, 1.914854, 1.914854), (1.732051, 1.914854, 1.914854))

side lengths:
(1.000000, 1.732051, 1.914854, 1.914854, 1.914854, 2.000000)
points:
[(0.000000, 0.000000, 0.000000), (0.500000, 0.866025, 0.000000), (1.000000, 0.000000, 1.632993), (1.500000, -0.866025, 0.000000)]
triangles:
((1.000000, 1.732051, 2.000000), (1.000000, 1.914854, 1.914854), (1.732051, 1.914854, 1.914854), (1.914854, 1.914854, 2.000000))
